function [H,PD] = data3 
        %   n a   b    c     min  max
    H=  [   1 400 8.40 0.006 100 600;
			2 600 8.93 0.0042 60 300;
			3 650 6.78 0.004 300 650];

    PD=1500;
end