function [H,PD] = data4 
        %   n a   b    c     min  max
    H=  [   	1 561 7.92 0.00156 150 600;
		2 310 7.85 0.00194 100 400;
		3 78 7.97 0.00482 50 200];
    PD=850;
end